roi_shape : [60, 20, 4]
dead_zone : [27, 33, 8, 12, 0, 4]  # cubes within this zone will not be considered
cube_resolution : [1, 1, 0.2]  
lower_bound : [28, 9, 2.2, 0, 0, 0] # minimum [x,y,z,roll,pitch,yaw] for each LiDAR
upper_bound : [31, 11, 3,  3.1415, 3.1415, 3] # maximum [x,y,z,roll,pitch,yaw] for each LiDAR
laser_num : 16 # number of beams
lidar_num : 4
beam_angle :  [-15., -13., -11.,  -9.,  -7.,  -5.,  -3.,  -1.,   1.,   3.,   5., 7.,   9.,  11.,  13.,  15.] # [-15.        , -10.71428571,  -6.42857143,  -2.14285714, 2.14285714,   6.42857143,  10.71428571,  15. ] #  [-15.        , -14.03225806, -13.06451613, -12.09677419,       -11.12903226, -10.16129032,  -9.19354839,  -8.22580645, -7.25806452,  -6.29032258,  -5.32258065,  -4.35483871, -3.38709677,  -2.41935484,  -1.4516129 ,  -0.48387097,  0.48387097,   1.4516129 ,   2.41935484,   3.38709677, 4.35483871,   5.32258065,   6.29032258,   7.25806452,  8.22580645,   9.19354839,  10.16129032,  11.12903226,12.09677419,  13.06451613,  14.03225806,  15.        ] # [-15,-5,5,15]   #[-15,-5,5,15] #   angle of pitch
max_itrs : 800
numb_bees : 100
estimate_solve_time : True # True or False
save_result_to_json : True # True or False

